0 (497.500000, 147.243103), (381.250000, 167.293228), (331.875000, 194.235596), (245.000000, 212.406021), (165.000000, 253.759399), (63.750000, 280.701752), (65.000000, 323.934845), (142.500000, 297.619049), (237.500000, 261.904755), (406.875000, 200.501251), (499.375000, 179.824554)
0 (503.750000, 180.451126), (538.125000, 171.679199), (678.750000, 154.135345), (663.750000, 117.167923), (610.000000, 129.699249), (500.000000, 148.496246)
0 (897.500000, 96.491226), (818.750000, 117.167923), (820.000000, 146.616547), (878.125000, 136.591476), (898.125000, 128.446121)
1 (679.375000, 153.508774), (816.875000, 143.483704), (815.625000, 119.674187), (711.250000, 111.528824), (671.250000, 115.914787)
0 (901.875000, 128.446121), (1020.625000, 117.167923), (1021.875000, 80.827065), (936.250000, 85.213036), (898.125000, 93.984962)
0 (1015.000000, 379.699249), (922.500000, 494.987457), (1020.000000, 497.493744), (1019.375000, 483.709259), (1024.375000, 382.205505)
0 (773.750000, 723.934814), (820.625000, 764.661682), (879.375000, 691.979919), (810.625000, 647.493713)
0 (668.750000, 832.957397), (604.375000, 898.746887), (686.875000, 894.360901), (728.750000, 847.368408), (680.625000, 807.268188)
0 (920.625000, 496.491241), (810.000000, 643.734314), (879.375000, 691.353394), (1019.375000, 507.769409), (1021.250000, 499.624054)
0 (445.000000, 995.488708), (269.375000, 1036.215576), (16.875000, 1119.548828), (35.625000, 1136.466187), (148.750000, 1105.137817), (241.875000, 1081.954834), (277.500000, 1078.195435), (325.625000, 1052.506226), (456.875000, 1021.804504)
0 (478.750000, 1044.360962), (455.000000, 1135.213013), (317.500000, 1295.614014), (346.250000, 1298.746826), (427.500000, 1214.160400), (486.250000, 1150.877197), (497.500000, 1096.992432)
1 (598.750000, 901.503784), (448.750000, 992.982483), (461.875000, 1023.057617), (482.500000, 1046.867188), (496.875000, 1095.112793), (611.875000, 968.546387), (635.625000, 931.578918)
0 (602.500000, 902.130310), (638.750000, 933.458618), (677.500000, 897.744385)
0 (294.375000, 1351.629028), (190.000000, 1430.576416), (231.875000, 1470.676636), (333.125000, 1383.583984), (342.500000, 1366.040161)
0 (153.750000, 1508.270630), (100.000000, 1582.832031), (135.000000, 1590.350830), (188.750000, 1514.536377)
1 (148.750000, 1471.303223), (29.375000, 1566.541382), (59.375000, 1585.964966), (121.250000, 1539.598999), (146.250000, 1510.776978)
2 (5.115000, 365.122803), (90.791252, 318.421051), (323.523743, 231.385971), (489.761261, 184.684204), (630.423767, 165.578949), (831.187500, 146.473679), (893.846252, 129.491226), (1019.163757, 121.000000), (1020.442505, 78.543861), (927.093750, 82.789474), (815.842529, 116.754387), (718.657471, 108.263161), (383.625000, 163.456146), (338.868744, 195.298248), (245.520004, 216.526321), (173.910004, 250.491226), (81.839996, 273.842102), (2.557500, 314.175446)
2 (17.902500, 1146.315796), (235.289993, 1086.877197), (318.408752, 1061.403564), (436.053741, 1027.438599), (473.137512, 1035.929810), (468.022491, 1074.140381), (436.053741, 1159.052612), (314.572510, 1280.052612), (308.178741, 1331.000000), (268.537506, 1362.842163), (31.968750, 1564.508789), (7.672500, 1664.280762), (30.690001, 1689.754395), (190.533752, 1519.929810), (338.868744, 1375.578979), (358.049988, 1303.403564), (493.597504, 1178.157837), (537.075012, 1076.263184), (673.901245, 921.298218), (800.497498, 789.684204), (1019.163757, 513.719299), (1019.163757, 375.736847), (810.727478, 645.333313), (740.396240, 751.473694), (601.012512, 895.824585), (489.761261, 963.754395), (372.116241, 1008.333313), (112.529999, 1089.000000), (7.672500, 1112.350830)