1 (136.704117, 65.872017), (204.744064, 128.607285), (227.215973, 78.419075), (169.787766, 36.386448)
3 (215.355804, 119.824341), (316.479401, 245.294861), (403.870148, 369.510651), (432.584259, 330.614807), (376.404480, 228.356339), (287.141083, 114.805519), (230.337082, 89.084068)
1 (639.700378, 58.343788), (673.408264, 139.272278), (722.097351, 131.744034), (690.262146, 71.518196)
1 (694.007507, 209.535767), (711.485657, 277.289825), (755.805237, 263.488068), (745.193481, 204.516937)
3 (724.594238, 326.850677), (732.084900, 419.071533), (773.283386, 407.151825), (767.041199, 319.322449)
1 (471.785278, 445.420319), (519.850159, 499.372650), (615.980042, 498.745300), (600.998779, 478.042664), (526.716614, 417.816803)
3 (327.715363, 564.366394), (454.431946, 706.148071), (482.521851, 664.115417), (355.805237, 543.036377)
3 (718.352051, 650.313660), (615.355835, 509.159363), (532.334595, 507.277283), (605.368286, 602.634888), (698.377014, 729.360107), (755.181030, 819.698853), (690.262146, 781.430359), (697.752808, 825.972412), (802.621704, 897.490601), (890.012512, 894.981201), (893.757812, 834.127991), (742.072388, 713.676270)
0 (516.729065, 738.143066), (632.833984, 806.524475), (647.191040, 768.255981), (569.787781, 720.577148), (556.679138, 708.657471)
3 (781.398254, 460.225861), (727.715332, 540.526978), (758.302124, 596.988708), (854.431946, 646.549561), (894.382019, 711.166870), (898.751587, 645.294861), (880.024963, 591.969910), (840.074890, 573.149292), (786.392029, 474.654968)
3 (883.021240, 721.204529), (952.309631, 846.675049), (994.132324, 879.924744), (1015.355835, 848.557068), (968.539307, 802.760376), (924.843933, 692.973633), (906.117371, 656.587219)
1 (938.576782, 728.732727), (903.620483, 750.690063), (944.194763, 813.425354), (973.533081, 795.232117), (948.564270, 735.006287), (944.818970, 729.987427)
3 (343.320862, 1189.585938), (229.712860, 1294.353882), (297.752808, 1296.863281), (416.354553, 1200.250977)
3 (747.066162, 869.636108), (564.169800, 996.988708), (466.791504, 1115.558350), (529.213501, 1111.794189), (591.635437, 1024.592163), (680.274658, 958.720215), (872.534302, 961.856934)
3 (878.651672, 962.484314), (939.200989, 969.385193), (1104.619263, 1058.469238), (1289.388306, 1194.604736), (1296.254639, 1125.595947), (1117.727783, 968.757812), (899.250916, 832.622314), (892.384521, 897.867004), (814.981262, 898.494324)
3 (143.570541, 1371.894653), (38.077404, 1467.252197), (64.294632, 1497.992432), (192.883896, 1396.988647)
1 (229.088638, 1290.338745), (184.769043, 1332.371338), (215.980026, 1367.503174), (292.759064, 1300.376465)
3 (1284.269653, 1210.665039), (1414.107422, 1309.159302), (1685.018677, 1502.383911), (1696.875000, 1413.299927), (1546.875000, 1316.060181), (1389.375000, 1202.509399)
3 (1688.125000, 1507.402710), (1701.875000, 1501.129272), (1827.500000, 1504.893311), (1700.625000, 1414.554565)
0 (1845.625000, 1387.500000), (1796.875000, 1428.750000), (1805.000000, 1445.625000), (1851.250000, 1400.625000)
1 (1520.625000, 1406.875000), (1563.750000, 1444.375000), (1570.625000, 1432.500000), (1531.250000, 1395.625000)
3 (1270.000000, 1219.375000), (1351.250000, 1293.750000), (1368.125000, 1277.500000), (1286.250000, 1213.125000)
3 (123.125000, 18.125000), (132.500000, 91.875000), (146.250000, 89.375000), (141.250000, 26.250000)
1 (27.500000, 271.875000), (56.250000, 270.625000), (54.375000, 251.250000), (11.250000, 251.250000)
1 (130.625000, 316.875000), (171.875000, 350.000000), (190.000000, 320.625000), (156.875000, 298.125000)
1 (356.250000, 243.750000), (398.125000, 307.500000), (426.875000, 280.625000), (375.625000, 223.125000)
1 (300.000000, 240.000000), (342.500000, 331.875000), (383.125000, 371.875000), (398.125000, 360.625000), (320.000000, 238.750000)