3 (190.700104, 239.593903), (222.048065, 400.507629), (261.233032, 386.802032), (232.497391, 229.949234)
3 (496.865204, 316.751282), (416.405426, 353.807098), (289.968658, 454.314728), (321.839081, 485.786804), (421.107635, 407.106598), (494.252869, 349.238586)
3 (826.332275, 192.385788), (739.080444, 226.395935), (607.419006, 253.807114), (498.223602, 319.289337), (496.133759, 351.776642), (572.936279, 316.751282), (659.665649, 281.218262), (760.501587, 241.116745), (843.051208, 218.781723)
3 (976.593506, 189.847717), (929.571594, 220.304565), (1013.166138, 323.857880), (1101.985352, 423.350250), (1130.198486, 370.050751), (1042.424194, 273.096436)
3 (271.682343, 502.538086), (330.198547, 602.030457), (392.894470, 771.065979), (420.585175, 776.649719), (368.861023, 637.563477), (324.973877, 540.101501), (307.732483, 484.263947)
3 (284.743988, 454.314728), (167.711594, 525.888306), (139.498428, 548.223328), (163.009399, 560.913696), (282.654114, 498.984772), (307.732483, 480.710663)
1 (133.228836, 549.238586), (102.403343, 577.157349), (130.094040, 594.416260), (156.739807, 563.451782)
3 (99.268547, 578.680176), (51.724136, 606.091370), (78.892372, 640.609131), (120.167191, 601.522827)
3 (1288.296753, 632.994934), (1248.589355, 650.253784), (1337.408569, 818.274109), (1381.818237, 858.375610), (1401.149414, 896.446716), (1455.485840, 892.893372), (1384.430542, 794.416260), (1320.167236, 689.340088)
1 (1150.574707, 416.751282), (1103.552734, 436.548218), (1129.676025, 475.634521), (1169.383545, 452.284271)
3 (1211.703247, 519.289368), (1179.310303, 532.487305), (1241.483765, 641.116760), (1286.938354, 626.903564), (1247.230957, 563.451782)
3 (403.343781, 838.578674), (442.006256, 984.771545), (464.472321, 981.218262), (447.753387, 847.715759)
3 (487.251831, 1033.502563), (449.111816, 1054.822388), (478.369904, 1129.441650), (531.138977, 1160.913696), (559.352112, 1130.964478), (505.015686, 1067.005127)
3 (1457.575806, 895.431458), (1402.716797, 897.969543), (1419.435791, 949.746216), (1498.328125, 1025.888306), (1553.187012, 1090.862915), (1622.675049, 1169.543091), (1613.793091, 1085.279175), (1567.293579, 1028.426392), (1496.760742, 956.852783), (1483.699097, 946.192871)
1 (719.226746, 1212.182739), (658.620667, 1249.746216), (721.316589, 1309.644653), (839.393921, 1337.563477), (869.174500, 1297.969482), (814.838013, 1272.081177), (771.473328, 1235.532959)
3 (1007.419006, 1381.725830), (975.548584, 1412.182739), (1037.722046, 1461.421265), (1175.130615, 1550.761475), (1221.107666, 1543.147217), (1101.985352, 1449.238525)
3 (1235.527710, 1621.319824), (1289.864136, 1664.467041), (1363.531860, 1728.426392), (1451.306152, 1884.263916), (1492.580933, 1971.066040), (1547.962402, 1969.543091), (1495.715820, 1868.527954), (1443.469116, 1769.543091), (1341.065796, 1640.609131), (1262.695923, 1601.015259)
2 (198.300934, 4.061728), (183.047028, 140.129623), (218.639496, 387.895050), (294.909088, 548.333313), (369.483795, 706.740723), (416.940430, 897.641968), (466.091949, 1119.006226), (550.835938, 1177.901245), (567.784729, 1133.222168), (499.989563, 1056.049438), (462.702209, 995.123474), (447.448273, 840.777771), (403.381409, 720.956787), (415.245544, 678.308655), (342.365723, 574.734558), (296.603973, 477.253082), (262.706360, 379.771606), (228.808777, 180.746918), (240.672943, 8.123457)
2 (250.842209, 469.129639), (91.523514, 578.796326), (8.474400, 633.629639), (15.253919, 664.092590), (50.846394, 668.154297), (101.692787, 617.382690), (179.657257, 554.425903), (272.875641, 507.716064)
2 (315.247650, 497.561737), (413.550690, 422.419739), (542.361572, 341.185181), (676.257080, 272.135803), (833.880859, 223.395065), (889.811890, 225.425919), (879.642639, 170.592590), (828.796265, 188.870377), (711.849548, 233.549377), (584.733521, 268.074066), (398.296753, 365.555542), (291.519318, 446.790131)
2 (449.143158, 1188.055542), (347.450378, 1238.827148), (228.808777, 1267.259277), (11.864159, 1378.956787), (10.169279, 1435.821045), (67.795197, 1391.141968), (167.793106, 1316.000000), (277.960297, 1277.413574), (359.314514, 1263.197510), (483.040741, 1216.487671), (540.666687, 1177.901245), (467.786835, 1133.222168)
2 (522.023010, 1208.364258), (654.223633, 1255.074097), (716.934143, 1305.845703), (832.185974, 1332.246948), (952.522461, 1380.987671), (1196.585205, 1573.919800), (1352.514160, 1716.080200), (1398.275879, 1793.253052), (1488.104492, 1971.969116), (1545.730347, 1965.876587), (1438.953003, 1777.006226), (1338.955078, 1640.938232), (1296.583130, 1606.413574), (1222.008301, 1549.549438), (1042.351074, 1401.296265), (916.929993, 1322.092651), (816.932068, 1275.382690), (771.170349, 1236.796265), (698.290466, 1204.302490), (567.784729, 1163.685181)
2 (984.725159, 182.777771), (923.709534, 225.425919), (1144.043945, 493.500000), (1267.770142, 668.154297), (1328.785767, 808.283936), (1396.580933, 881.395081), (1413.529785, 958.567871), (1498.273804, 1027.617310), (1610.135864, 1167.746948), (1616.915405, 1076.358032), (1477.935181, 944.351868), (1388.106567, 792.037048), (1323.701172, 710.802490), (1260.990601, 593.012329), (1138.959229, 389.925934), (1022.012512, 239.641968)